LR = 5e-3
Cat = 15
training_accuracy = [0.07935523868567886, 0.08617482951022938, 0.09671419714817112, 0.09547427154370738, 0.12337259764414135, 0.11841289522628642, 0.14879107253564786, 0.16181029138251704, 0.15933044017358958, 0.18412895226286422]
validation_accuracy = [0.23058823529411765, 0.3058823529411765, 0.2211764705882353, 0.24235294117647058, 0.32941176470588235, 0.3035294117647059, 0.34823529411764703, 0.4541176470588235, 0.40705882352941175, 0.4376470588235294]
